%YAML:1.0
---
K: !!opencv-matrix
   rows: 3
   cols: 3
   dt: d
   data: [ 9.2446770262677830e+02, 0., 3.4147997661765822e+02, 0.,
       9.2443780909668533e+02, 2.5194966247109434e+02, 0., 0., 1. ]
D: !!opencv-matrix
   rows: 1
   cols: 5
   dt: d
   data: [ -5.9763603666125292e-02, 2.9113602986652203e+00,
       -6.1141078768947013e-04, 3.0464926960914324e-03,
       -1.4318631753720220e+01 ]
