%YAML:1.0
---
K: !!opencv-matrix
   rows: 3
   cols: 3
   dt: d
   data: [ 9.3132650871915837e+02, 0., 3.4311993782907655e+02, 0.,
       9.3106307477907819e+02, 2.4370560817988590e+02, 0., 0., 1. ]
D: !!opencv-matrix
   rows: 1
   cols: 5
   dt: d
   data: [ -1.5540281578193768e-02, 3.2439995159254753e+00,
       -2.0072929220675927e-04, 2.1276475413853540e-03,
       -2.0992282544984398e+01 ]
