%YAML:1.0
---
K1: !!opencv-matrix
   rows: 3
   cols: 3
   dt: d
   data: [ 9.3132650871915837e+02, 0., 3.4311993782907655e+02, 0.,
       9.3106307477907819e+02, 2.4370560817988590e+02, 0., 0., 1. ]
D1: !!opencv-matrix
   rows: 1
   cols: 5
   dt: d
   data: [ -1.5540281578193768e-02, 3.2439995159254753e+00,
       -2.0072929220675927e-04, 2.1276475413853540e-03,
       -2.0992282544984398e+01 ]
K2: !!opencv-matrix
   rows: 3
   cols: 3
   dt: d
   data: [ 9.2446770262677830e+02, 0., 3.4147997661765822e+02, 0.,
       9.2443780909668533e+02, 2.5194966247109434e+02, 0., 0., 1. ]
D2: !!opencv-matrix
   rows: 1
   cols: 5
   dt: d
   data: [ -5.9763603666125292e-02, 2.9113602986652203e+00,
       -6.1141078768947013e-04, 3.0464926960914324e-03,
       -1.4318631753720220e+01 ]
R: !!opencv-matrix
   rows: 3
   cols: 3
   dt: d
   data: [ 9.9872107526202791e-01, 2.4895769908953543e-02,
       -4.4004709612711849e-02, -2.5916041756696154e-02,
       9.9940478742004546e-01, -2.2769050519485173e-02,
       4.3411664413194676e-02, 2.3880358509330006e-02,
       9.9877182372669182e-01 ]
T: !!opencv-matrix
   rows: 3
   cols: 1
   dt: d
   data: [ -2.0598964474641865e-01, 5.1855023987073330e-04,
       -1.0859038470356849e-02 ]
E: !!opencv-matrix
   rows: 3
   cols: 3
   dt: d
   data: [ -2.5891216544068814e-04, 1.0864958199686293e-02,
       2.7066337324501772e-04, -1.9027972471018033e-03,
       4.6487624425635247e-03, 2.0621450198675523e-01,
       4.8205491815541106e-03, -2.0587994682598326e-01,
       4.7130072804471230e-03 ]
F: !!opencv-matrix
   rows: 3
   cols: 3
   dt: d
   data: [ -1.7905751362050309e-07, 7.5160734206148075e-06,
       -1.5959412751106706e-03, -1.3159720052100533e-06,
       3.2159874948010437e-06, 1.3249139961728246e-01,
       3.4746728814215441e-03, -1.3504137081298720e-01, 1. ]
R1: !!opencv-matrix
   rows: 3
   cols: 3
   dt: d
   data: [ 9.9968355255034369e-01, 2.3605942128033845e-02,
       8.6921951526766593e-03, -2.3505719668799899e-02,
       9.9965804778129408e-01, -1.1457253115110019e-02,
       -8.9596820912402949e-03, 1.1249311194016348e-02,
       9.9989658319972474e-01 ]
R2: !!opencv-matrix
   rows: 3
   cols: 3
   dt: d
   data: [ 9.9861022310495662e-01, -2.5138621476132462e-03,
       5.2643164868496371e-02, 1.9157722190523200e-03,
       9.9993308472305231e-01, 1.1408588565022483e-02,
       -5.2668321855491092e-02, -1.1291880859451710e-02,
       9.9854821681257955e-01 ]
P1: !!opencv-matrix
   rows: 3
   cols: 4
   dt: d
   data: [ 6.7891767377063979e+02, 0., 3.2246065711975098e+02, 0., 0.,
       6.7891767377063979e+02, 2.4592973327636719e+02, 0., 0., 0., 1.,
       0. ]
P2: !!opencv-matrix
   rows: 3
   cols: 4
   dt: d
   data: [ 6.7891767377063979e+02, 0., 3.2246065711975098e+02,
       -1.4004464123874732e+02, 0., 6.7891767377063979e+02,
       2.4592973327636719e+02, 0., 0., 0., 1., 0. ]
Q: !!opencv-matrix
   rows: 4
   cols: 4
   dt: d
   data: [ 1., 0., 0., -3.2246065711975098e+02, 0., 1., 0.,
       -2.4592973327636719e+02, 0., 0., 0., 6.7891767377063979e+02, 0.,
       0., 4.8478661358646695e+00, 0. ]
